# oST version 5.0 parameters


[image]

width
640

height
480

[narrow_stereo]

camera matrix
970.182460 0.000000 313.634459
0.000000 973.872735 252.070658
0.000000 0.000000 1.000000

distortion
0.101413 -0.194553 0.003616 0.003989 0.000000

rectification
1.000000 0.000000 0.000000
0.000000 1.000000 0.000000
0.000000 0.000000 1.000000

projection
981.255005 0.000000 314.613752 0.000000
0.000000 985.383057 252.494242 0.000000
0.000000 0.000000 1.000000 0.000000
