image_width: 640
image_height: 480
camera_name: narrow_stereo
camera_matrix:
  rows: 3
  cols: 3
  data: [970.18246,   0.     , 313.63446,
           0.     , 973.87273, 252.07066,
           0.     ,   0.     ,   1.     ]
distortion_model: plumb_bob
distortion_coefficients:
  rows: 1
  cols: 5
  data: [0.101413, -0.194553, 0.003616, 0.003989, 0.000000]
rectification_matrix:
  rows: 3
  cols: 3
  data: [1., 0., 0.,
         0., 1., 0.,
         0., 0., 1.]
projection_matrix:
  rows: 3
  cols: 4
  data: [981.255  ,   0.     , 314.61375,   0.     ,
           0.     , 985.38306, 252.49424,   0.     ,
           0.     ,   0.     ,   1.     ,   0.     ]
